1,01/01/2001,0.3,Nulo,20,6,0
2,02/01/2001,2,34,23,4,1
3,03/01/2001,0.2,Nulo,19,4,1
4,04/01/2001,0,1.7,21,4,1
5,05/01/2001,0,3,18,6,1
6,06/01/2001,0,2,19,7,1
7,07/01/2001,0.4,4,26,10,1
8,08/01/2001,0.3,2.4,21,7.5,1
9,09/01/2001,8,Nulo,20,4.5,1
10,10/01/2001,0,3,17,5,1
11,10/12/2020,23,12,23,34,1
12,08/12/2020,23,Nulo,23,43,1
13,04/12/2020,23,Nulo,43,34,1
14,03/12/2020,21,Nulo,32,43,1
15,03/12/2020,23,Nulo,32,23,1
16,02/12/2020,15,Nulo,4,3,1
17,24/12/2020,12,Nulo,43,34,1
18,06/12/2020,12,2.5,12,3435,1
